Population Name: NA
Population Id: 1
Population Area Info: Population 1
Area 1
R0	1013.3953814
h	0.7000000
SB0	4387.2796013


Natural Mortality at Age (M)
Males
0.3000000 0.3000000 0.3000000 0.3000000 0.3000000 0.3000000 0.3000000 0.3000000 0.3000000 0.3000000 

Initial F = 9.99992371

Fully-selected Fishing Mortality
Males
0.02 0.08 0.11 0.14 0.10 0.16 0.38 0.27 0.37 0.43 0.59 0.62 0.52 0.11 0.15 0.09 0.08 0.04 0.11 0.08 



Fishery Selectivity
Males
0.15 0.34 0.61 0.82 0.93 0.98 0.99 1.00 1.00 1.00 



Total Mortality at Age (Z)
Males
0.30 0.31 0.32 0.32 0.31 0.32 0.36 0.34 0.36 0.36 0.39 0.39 0.38 0.32 0.32 0.31 0.31 0.31 0.32 0.31 
0.31 0.33 0.34 0.35 0.33 0.35 0.43 0.39 0.43 0.45 0.50 0.51 0.48 0.34 0.35 0.33 0.33 0.31 0.34 0.33 
0.31 0.35 0.37 0.38 0.36 0.40 0.53 0.47 0.52 0.56 0.66 0.68 0.62 0.37 0.39 0.35 0.35 0.32 0.37 0.35 
0.31 0.36 0.39 0.41 0.38 0.43 0.61 0.52 0.60 0.65 0.78 0.81 0.73 0.39 0.42 0.37 0.37 0.33 0.39 0.36 
0.31 0.37 0.40 0.43 0.39 0.45 0.65 0.55 0.64 0.70 0.85 0.88 0.79 0.40 0.44 0.38 0.38 0.33 0.40 0.37 
0.31 0.38 0.41 0.43 0.40 0.45 0.67 0.56 0.66 0.72 0.87 0.91 0.81 0.41 0.44 0.39 0.38 0.33 0.41 0.38 
0.32 0.38 0.41 0.44 0.40 0.45 0.68 0.57 0.66 0.72 0.88 0.91 0.82 0.41 0.45 0.39 0.38 0.34 0.41 0.38 
0.32 0.38 0.41 0.44 0.40 0.46 0.68 0.57 0.67 0.73 0.89 0.92 0.82 0.41 0.45 0.39 0.38 0.34 0.41 0.38 
0.32 0.38 0.41 0.44 0.40 0.46 0.68 0.57 0.67 0.73 0.89 0.92 0.82 0.41 0.45 0.39 0.38 0.34 0.41 0.38 
0.32 0.38 0.41 0.44 0.40 0.46 0.68 0.57 0.67 0.73 0.89 0.92 0.82 0.41 0.45 0.39 0.38 0.34 0.41 0.38 


Population 1
Area 1
initial equilibrium numbers
Males
506.70 375.37 278.08 206.01 152.61 113.06 83.76 62.05 45.97 131.14 

Population 1
Area 1
initial numbers
Males
346.21 256.48 190.00 140.76 104.28 77.25 57.23 42.40 31.41 89.61 

Population 1
Area 1
Total age-0 recruits
506.70 0.00 0.00 0.00 0.00 0.00 0.00 0.00 0.00 0.00 0.00 0.00 0.00 0.00 0.00 0.00 0.00 0.00 0.00 0.00 

Population 1
Area 1
Numbers at Age
Males
346.21 0.00 0.00 0.00 0.00 0.00 0.00 0.00 0.00 0.00 0.00 0.00 0.00 0.00 0.00 0.00 0.00 0.00 0.00 0.00 
256.48 255.89 0.00 0.00 0.00 0.00 0.00 0.00 0.00 0.00 0.00 0.00 0.00 0.00 0.00 0.00 0.00 0.00 0.00 0.00 
190.00 189.01 184.51 0.00 0.00 0.00 0.00 0.00 0.00 0.00 0.00 0.00 0.00 0.00 0.00 0.00 0.00 0.00 0.00 0.00 
140.76 139.46 133.48 127.68 0.00 0.00 0.00 0.00 0.00 0.00 0.00 0.00 0.00 0.00 0.00 0.00 0.00 0.00 0.00 0.00 
104.28 102.98 96.85 90.19 84.50 0.00 0.00 0.00 0.00 0.00 0.00 0.00 0.00 0.00 0.00 0.00 0.00 0.00 0.00 0.00 
77.25 76.16 70.90 64.64 58.79 57.14 0.00 0.00 0.00 0.00 0.00 0.00 0.00 0.00 0.00 0.00 0.00 0.00 0.00 0.00 
57.23 56.38 52.25 47.08 41.88 39.58 36.34 0.00 0.00 0.00 0.00 0.00 0.00 0.00 0.00 0.00 0.00 0.00 0.00 0.00 
42.40 41.76 38.64 34.64 30.44 28.15 25.11 18.46 0.00 0.00 0.00 0.00 0.00 0.00 0.00 0.00 0.00 0.00 0.00 0.00 
31.41 30.93 28.60 25.60 22.38 20.45 17.85 12.73 10.43 0.00 0.00 0.00 0.00 0.00 0.00 0.00 0.00 0.00 0.00 0.00 
89.61 88.29 81.65 73.03 63.69 57.81 49.60 34.15 26.48 18.95 9.16 3.76 1.50 0.66 0.44 0.28 0.19 0.13 0.09 0.06 


Population 1
Area 1
Catch Numbers at Age
Males
0.68 0.00 0.00 0.00 0.00 0.00 0.00 0.00 0.00 0.00 0.00 0.00 0.00 0.00 0.00 0.00 0.00 0.00 0.00 0.00 
1.16 5.90 0.00 0.00 0.00 0.00 0.00 0.00 0.00 0.00 0.00 0.00 0.00 0.00 0.00 0.00 0.00 0.00 0.00 0.00 
1.51 7.64 10.52 0.00 0.00 0.00 0.00 0.00 0.00 0.00 0.00 0.00 0.00 0.00 0.00 0.00 0.00 0.00 0.00 0.00 
1.51 7.55 10.16 11.81 0.00 0.00 0.00 0.00 0.00 0.00 0.00 0.00 0.00 0.00 0.00 0.00 0.00 0.00 0.00 0.00 
1.27 6.30 8.31 9.39 6.38 0.00 0.00 0.00 0.00 0.00 0.00 0.00 0.00 0.00 0.00 0.00 0.00 0.00 0.00 0.00 
0.99 4.87 6.36 7.03 4.64 7.01 0.00 0.00 0.00 0.00 0.00 0.00 0.00 0.00 0.00 0.00 0.00 0.00 0.00 0.00 
0.74 3.66 4.76 5.20 3.36 4.93 9.97 0.00 0.00 0.00 0.00 0.00 0.00 0.00 0.00 0.00 0.00 0.00 0.00 0.00 
0.55 2.73 3.54 3.84 2.45 3.52 6.92 3.80 0.00 0.00 0.00 0.00 0.00 0.00 0.00 0.00 0.00 0.00 0.00 0.00 
0.41 2.02 2.62 2.85 1.81 2.56 4.92 2.63 2.79 0.00 0.00 0.00 0.00 0.00 0.00 0.00 0.00 0.00 0.00 0.00 
1.17 5.78 7.49 8.12 5.14 7.25 13.69 7.06 7.09 5.75 3.57 1.53 0.53 0.06 0.05 0.02 0.01 0.00 0.01 0.00 


Population 1
Area 1
Catch Biomass at Age
Males
0.28 0.00 0.00 0.00 0.00 0.00 0.00 0.00 0.00 0.00 0.00 0.00 0.00 0.00 0.00 0.00 0.00 0.00 0.00 0.00 
1.35 6.66 0.00 0.00 0.00 0.00 0.00 0.00 0.00 0.00 0.00 0.00 0.00 0.00 0.00 0.00 0.00 0.00 0.00 0.00 
3.30 16.67 21.95 0.00 0.00 0.00 0.00 0.00 0.00 0.00 0.00 0.00 0.00 0.00 0.00 0.00 0.00 0.00 0.00 0.00 
4.82 26.14 32.70 35.69 0.00 0.00 0.00 0.00 0.00 0.00 0.00 0.00 0.00 0.00 0.00 0.00 0.00 0.00 0.00 0.00 
5.43 28.17 36.78 40.64 26.22 0.00 0.00 0.00 0.00 0.00 0.00 0.00 0.00 0.00 0.00 0.00 0.00 0.00 0.00 0.00 
5.53 25.71 34.04 37.21 23.64 35.71 0.00 0.00 0.00 0.00 0.00 0.00 0.00 0.00 0.00 0.00 0.00 0.00 0.00 0.00 
4.79 21.70 28.57 30.96 21.17 29.63 57.70 0.00 0.00 0.00 0.00 0.00 0.00 0.00 0.00 0.00 0.00 0.00 0.00 0.00 
3.82 18.16 23.53 25.53 17.60 23.97 46.36 26.01 0.00 0.00 0.00 0.00 0.00 0.00 0.00 0.00 0.00 0.00 0.00 0.00 
3.02 15.45 20.73 20.13 13.46 18.43 38.90 20.47 21.02 0.00 0.00 0.00 0.00 0.00 0.00 0.00 0.00 0.00 0.00 0.00 
8.77 46.75 66.35 58.62 38.48 53.55 117.11 57.66 55.70 42.04 30.11 11.49 3.96 0.44 0.39 0.17 0.10 0.03 0.06 0.03 


Population 1
Area 1
Survey Numbers at Age
Males
25.17 0.00 0.00 0.00 0.00 0.00 0.00 0.00 0.00 0.00 0.00 0.00 0.00 0.00 0.00 0.00 0.00 0.00 0.00 0.00 
3.87 3.82 0.00 0.00 0.00 0.00 0.00 0.00 0.00 0.00 0.00 0.00 0.00 0.00 0.00 0.00 0.00 0.00 0.00 0.00 
9.32 9.09 8.79 0.00 0.00 0.00 0.00 0.00 0.00 0.00 0.00 0.00 0.00 0.00 0.00 0.00 0.00 0.00 0.00 0.00 
13.23 12.77 12.06 11.42 0.00 0.00 0.00 0.00 0.00 0.00 0.00 0.00 0.00 0.00 0.00 0.00 0.00 0.00 0.00 0.00 
12.16 11.66 10.80 9.94 9.48 0.00 0.00 0.00 0.00 0.00 0.00 0.00 0.00 0.00 0.00 0.00 0.00 0.00 0.00 0.00 
9.50 9.08 8.31 7.49 6.94 6.56 0.00 0.00 0.00 0.00 0.00 0.00 0.00 0.00 0.00 0.00 0.00 0.00 0.00 0.00 
7.12 6.79 6.19 5.51 5.00 4.59 3.77 0.00 0.00 0.00 0.00 0.00 0.00 0.00 0.00 0.00 0.00 0.00 0.00 0.00 
5.28 5.04 4.59 4.06 3.64 3.27 2.61 2.02 0.00 0.00 0.00 0.00 0.00 0.00 0.00 0.00 0.00 0.00 0.00 0.00 
3.92 3.74 3.40 3.00 2.68 2.38 1.85 1.40 1.09 0.00 0.00 0.00 0.00 0.00 0.00 0.00 0.00 0.00 0.00 0.00 
11.18 10.67 9.70 8.57 7.62 6.72 5.15 3.75 2.77 1.92 0.86 0.35 0.15 0.08 0.05 0.03 0.02 0.02 0.01 0.01 


Population 1
Area 1
Survey Index at Age
Males
10.32 0.00 0.00 0.00 0.00 0.00 0.00 0.00 0.00 0.00 0.00 0.00 0.00 0.00 0.00 0.00 0.00 0.00 0.00 0.00 
4.50 4.31 0.00 0.00 0.00 0.00 0.00 0.00 0.00 0.00 0.00 0.00 0.00 0.00 0.00 0.00 0.00 0.00 0.00 0.00 
20.31 19.84 18.34 0.00 0.00 0.00 0.00 0.00 0.00 0.00 0.00 0.00 0.00 0.00 0.00 0.00 0.00 0.00 0.00 0.00 
42.13 44.20 38.81 34.50 0.00 0.00 0.00 0.00 0.00 0.00 0.00 0.00 0.00 0.00 0.00 0.00 0.00 0.00 0.00 0.00 
52.00 52.17 47.79 43.02 38.97 0.00 0.00 0.00 0.00 0.00 0.00 0.00 0.00 0.00 0.00 0.00 0.00 0.00 0.00 0.00 
53.32 47.92 44.50 39.63 35.36 33.42 0.00 0.00 0.00 0.00 0.00 0.00 0.00 0.00 0.00 0.00 0.00 0.00 0.00 0.00 
45.97 40.24 37.18 32.82 31.52 27.60 21.83 0.00 0.00 0.00 0.00 0.00 0.00 0.00 0.00 0.00 0.00 0.00 0.00 0.00 
36.54 33.59 30.53 26.98 26.13 22.26 17.48 13.84 0.00 0.00 0.00 0.00 0.00 0.00 0.00 0.00 0.00 0.00 0.00 0.00 
28.84 28.53 26.86 21.25 19.95 17.10 14.65 10.88 8.22 0.00 0.00 0.00 0.00 0.00 0.00 0.00 0.00 0.00 0.00 0.00 
83.71 86.29 85.93 61.84 57.00 49.64 44.08 30.63 21.75 14.05 7.23 2.61 1.08 0.58 0.39 0.27 0.17 0.13 0.08 0.06 


Population 1
Area 1
Total Immigrants
Males
0.00 0.00 0.00 0.00 0.00 0.00 0.00 0.00 0.00 0.00 0.00 0.00 0.00 0.00 0.00 0.00 0.00 0.00 0.00 0.00 
0.00 0.00 0.00 0.00 0.00 0.00 0.00 0.00 0.00 0.00 0.00 0.00 0.00 0.00 0.00 0.00 0.00 0.00 0.00 0.00 
0.00 0.00 0.00 0.00 0.00 0.00 0.00 0.00 0.00 0.00 0.00 0.00 0.00 0.00 0.00 0.00 0.00 0.00 0.00 0.00 
0.00 0.00 0.00 0.00 0.00 0.00 0.00 0.00 0.00 0.00 0.00 0.00 0.00 0.00 0.00 0.00 0.00 0.00 0.00 0.00 
0.00 0.00 0.00 0.00 0.00 0.00 0.00 0.00 0.00 0.00 0.00 0.00 0.00 0.00 0.00 0.00 0.00 0.00 0.00 0.00 
0.00 0.00 0.00 0.00 0.00 0.00 0.00 0.00 0.00 0.00 0.00 0.00 0.00 0.00 0.00 0.00 0.00 0.00 0.00 0.00 
0.00 0.00 0.00 0.00 0.00 0.00 0.00 0.00 0.00 0.00 0.00 0.00 0.00 0.00 0.00 0.00 0.00 0.00 0.00 0.00 
0.00 0.00 0.00 0.00 0.00 0.00 0.00 0.00 0.00 0.00 0.00 0.00 0.00 0.00 0.00 0.00 0.00 0.00 0.00 0.00 
0.00 0.00 0.00 0.00 0.00 0.00 0.00 0.00 0.00 0.00 0.00 0.00 0.00 0.00 0.00 0.00 0.00 0.00 0.00 0.00 
0.00 0.00 0.00 0.00 0.00 0.00 0.00 0.00 0.00 0.00 0.00 0.00 0.00 0.00 0.00 0.00 0.00 0.00 0.00 0.00 


Population 1
Area 1
Total Emigrants
Males
0.00 0.00 0.00 0.00 0.00 0.00 0.00 0.00 0.00 0.00 0.00 0.00 0.00 0.00 0.00 0.00 0.00 0.00 0.00 0.00 
0.00 0.00 0.00 0.00 0.00 0.00 0.00 0.00 0.00 0.00 0.00 0.00 0.00 0.00 0.00 0.00 0.00 0.00 0.00 0.00 
0.00 0.00 0.00 0.00 0.00 0.00 0.00 0.00 0.00 0.00 0.00 0.00 0.00 0.00 0.00 0.00 0.00 0.00 0.00 0.00 
0.00 0.00 0.00 0.00 0.00 0.00 0.00 0.00 0.00 0.00 0.00 0.00 0.00 0.00 0.00 0.00 0.00 0.00 0.00 0.00 
0.00 0.00 0.00 0.00 0.00 0.00 0.00 0.00 0.00 0.00 0.00 0.00 0.00 0.00 0.00 0.00 0.00 0.00 0.00 0.00 
0.00 0.00 0.00 0.00 0.00 0.00 0.00 0.00 0.00 0.00 0.00 0.00 0.00 0.00 0.00 0.00 0.00 0.00 0.00 0.00 
0.00 0.00 0.00 0.00 0.00 0.00 0.00 0.00 0.00 0.00 0.00 0.00 0.00 0.00 0.00 0.00 0.00 0.00 0.00 0.00 
0.00 0.00 0.00 0.00 0.00 0.00 0.00 0.00 0.00 0.00 0.00 0.00 0.00 0.00 0.00 0.00 0.00 0.00 0.00 0.00 
0.00 0.00 0.00 0.00 0.00 0.00 0.00 0.00 0.00 0.00 0.00 0.00 0.00 0.00 0.00 0.00 0.00 0.00 0.00 0.00 
0.00 0.00 0.00 0.00 0.00 0.00 0.00 0.00 0.00 0.00 0.00 0.00 0.00 0.00 0.00 0.00 0.00 0.00 0.00 0.00 


Population 1
Area 1
Spawning Biomass
Males
0.00 0.00 0.00 0.00 0.00 0.00 0.00 0.00 0.00 0.00 0.00 0.00 0.00 0.00 0.00 0.00 0.00 0.00 0.00 0.00 


Population 1
Area 1
fecundity_at_age
Males
0.00 0.00 0.00 0.00 0.00 0.00 0.00 0.00 0.00 0.00 

Population 1
Area 1
length_at_spawning
Males
50.00 50.00 50.00 50.00 50.00 50.00 50.00 50.00 50.00 50.00 

Population 1
Area 1
weight_at_spawning
Males
0.27 0.92 1.91 2.95 3.96 5.26 6.39 6.75 7.30 7.49 
0.28 0.93 1.86 3.14 4.28 5.07 5.81 6.40 7.41 8.09 
0.25 0.86 1.81 2.93 4.11 5.20 5.83 6.50 7.43 8.86 
0.28 0.94 1.81 2.72 3.98 5.16 5.76 6.50 7.00 7.22 
0.30 0.99 1.92 2.98 3.91 4.80 6.00 7.05 7.44 7.48 
0.27 0.94 1.91 2.81 3.83 4.94 5.72 6.71 7.10 7.39 
0.28 0.90 1.77 2.75 3.79 4.91 5.61 6.43 7.57 8.55 
0.30 0.95 1.81 2.89 3.88 4.77 5.92 6.55 7.60 8.17 
0.29 0.95 1.86 2.90 4.00 5.07 5.96 6.40 7.37 7.85 
0.28 0.88 1.85 3.04 4.02 5.25 6.34 6.80 7.91 7.31 
0.29 0.95 1.88 2.93 3.85 5.09 5.72 6.31 7.42 8.43 
0.28 0.89 1.73 2.88 3.85 4.83 6.17 7.21 7.79 7.53 
0.29 0.93 1.80 2.88 3.93 4.97 6.15 6.52 6.89 7.42 
0.28 0.94 1.92 3.04 3.85 5.03 5.76 6.68 7.36 7.43 
0.27 0.88 1.81 2.98 4.05 4.92 5.59 6.51 7.33 7.53 
0.27 0.88 1.84 3.12 4.47 5.34 5.93 6.75 7.08 8.10 
0.28 0.86 1.77 2.98 3.89 4.71 5.67 6.77 7.16 7.22 
0.27 0.89 1.78 2.73 3.60 4.92 5.95 6.67 7.80 8.19 
0.28 0.86 1.76 3.03 3.84 5.04 5.76 6.63 7.73 7.62 
0.28 0.90 1.83 3.08 3.98 5.03 5.73 6.52 7.68 7.76 


Population 1
Area 1
length_at_season_start
Males
50.00 50.00 50.00 50.00 50.00 50.00 50.00 50.00 50.00 50.00 
Population 1
Area 1
weight_at_season_start
Males
0.13 0.69 1.64 2.72 3.65 4.90 6.33 6.59 7.24 7.49 
0.13 0.72 1.53 2.83 4.09 4.85 5.71 6.14 7.18 8.09 
0.12 0.64 1.53 2.64 3.80 5.05 5.65 6.36 6.95 8.86 
0.14 0.72 1.61 2.42 3.63 5.03 5.56 6.35 6.93 7.22 
0.14 0.77 1.65 2.74 3.71 4.51 5.68 6.93 7.42 7.48 
0.14 0.69 1.68 2.57 3.51 4.78 5.42 6.61 7.00 7.39 
0.15 0.69 1.52 2.51 3.47 4.73 5.42 6.16 7.25 8.55 
0.15 0.75 1.54 2.62 3.70 4.42 5.81 6.27 7.40 8.17 
0.15 0.72 1.61 2.62 3.73 4.79 5.90 6.14 7.20 7.85 
0.16 0.66 1.53 2.80 3.74 4.88 6.34 6.36 8.12 7.31 
0.14 0.73 1.59 2.74 3.50 4.92 5.60 6.06 7.08 8.43 
0.14 0.71 1.43 2.62 3.64 4.47 5.90 6.98 7.88 7.53 
0.14 0.73 1.53 2.60 3.70 4.60 6.05 6.46 6.71 7.42 
0.13 0.72 1.60 2.88 3.52 4.86 5.53 6.46 7.33 7.43 
0.14 0.67 1.51 2.71 3.82 4.77 5.36 6.26 7.26 7.53 
0.14 0.65 1.54 2.76 4.21 5.23 5.65 6.76 6.73 8.10 
0.15 0.67 1.45 2.75 3.68 4.49 5.35 6.64 7.14 7.22 
0.14 0.67 1.52 2.55 3.27 4.62 5.82 6.34 7.67 8.19 
0.14 0.69 1.39 2.88 3.50 4.86 5.60 6.25 7.76 7.62 
0.14 0.71 1.47 2.88 3.69 4.84 5.59 6.15 7.65 7.76 


Population 1
Area 1
length_at_catch_time
Males
50.00 50.00 50.00 50.00 50.00 50.00 50.00 50.00 50.00 50.00 
Population 1
Area 1
weight_at_catch_time
Males
0.41 0.43 0.38 0.43 0.46 0.41 0.42 0.45 0.44 0.41 0.44 0.42 0.44 0.42 0.40 0.40 0.41 0.41 0.41 0.42 
1.16 1.13 1.09 1.16 1.21 1.19 1.11 1.15 1.17 1.10 1.16 1.07 1.13 1.16 1.09 1.10 1.06 1.10 1.04 1.09 
2.18 2.18 2.09 2.01 2.19 2.13 2.01 2.08 2.11 2.17 2.17 2.03 2.06 2.24 2.11 2.15 2.10 2.04 2.13 2.18 
3.18 3.46 3.22 3.02 3.23 3.04 2.99 3.16 3.18 3.27 3.12 3.13 3.15 3.20 3.26 3.49 3.22 2.91 3.19 3.29 
4.28 4.47 4.42 4.33 4.11 4.15 4.10 4.06 4.26 4.31 4.21 4.06 4.15 4.19 4.29 4.72 4.09 3.94 4.18 4.27 
5.62 5.28 5.35 5.29 5.10 5.10 5.08 5.12 5.35 5.61 5.26 5.19 5.33 5.20 5.07 5.44 4.92 5.22 5.23 5.22 
6.46 5.92 6.00 5.96 6.31 6.02 5.79 6.04 6.02 6.35 5.83 6.44 6.25 6.00 5.81 6.21 6.00 6.08 5.93 5.87 
6.91 6.66 6.65 6.64 7.18 6.81 6.70 6.84 6.67 7.24 6.57 7.43 6.58 6.90 6.76 6.75 6.89 7.00 7.01 6.90 
7.36 7.63 7.90 7.07 7.45 7.19 7.90 7.79 7.53 7.71 7.75 7.70 7.07 7.38 7.39 7.42 7.18 7.93 7.69 7.71 
7.49 8.09 8.86 7.22 7.48 7.39 8.55 8.17 7.85 7.31 8.43 7.53 7.42 7.43 7.53 8.10 7.22 8.19 7.62 7.76 


Population 1
Area 1
length_at_survey_time
Males
50.00 50.00 50.00 50.00 50.00 50.00 50.00 50.00 50.00 50.00 
Population 1
Area 1
weight_at_survey_time
Males
0.41 0.43 0.38 0.43 0.46 0.41 0.42 0.45 0.44 0.41 0.44 0.42 0.44 0.42 0.40 0.40 0.41 0.41 0.41 0.42 
1.16 1.13 1.09 1.16 1.21 1.19 1.11 1.15 1.17 1.10 1.16 1.07 1.13 1.16 1.09 1.10 1.06 1.10 1.04 1.09 
2.18 2.18 2.09 2.01 2.19 2.13 2.01 2.08 2.11 2.17 2.17 2.03 2.06 2.24 2.11 2.15 2.10 2.04 2.13 2.18 
3.18 3.46 3.22 3.02 3.23 3.04 2.99 3.16 3.18 3.27 3.12 3.13 3.15 3.20 3.26 3.49 3.22 2.91 3.19 3.29 
4.28 4.47 4.42 4.33 4.11 4.15 4.10 4.06 4.26 4.31 4.21 4.06 4.15 4.19 4.29 4.72 4.09 3.94 4.18 4.27 
5.62 5.28 5.35 5.29 5.10 5.10 5.08 5.12 5.35 5.61 5.26 5.19 5.33 5.20 5.07 5.44 4.92 5.22 5.23 5.22 
6.46 5.92 6.00 5.96 6.31 6.02 5.79 6.04 6.02 6.35 5.83 6.44 6.25 6.00 5.81 6.21 6.00 6.08 5.93 5.87 
6.91 6.66 6.65 6.64 7.18 6.81 6.70 6.84 6.67 7.24 6.57 7.43 6.58 6.90 6.76 6.75 6.89 7.00 7.01 6.90 
7.36 7.63 7.90 7.07 7.45 7.19 7.90 7.79 7.53 7.71 7.75 7.70 7.07 7.38 7.39 7.42 7.18 7.93 7.69 7.71 
7.49 8.09 8.86 7.22 7.48 7.39 8.55 8.17 7.85 7.31 8.43 7.53 7.42 7.43 7.53 8.10 7.22 8.19 7.62 7.76 




Population 1
Area 1
equilibrium_to_survival_at_spawning
Males
0.93 0.92 0.92 0.91 0.91 0.91 0.91 0.91 0.91 0.91 


Population 1
Area 1
length_at_catch_time
Males
50.00 50.00 50.00 50.00 50.00 50.00 50.00 50.00 50.00 50.00 

Population 1
Area 1
weight_at_catch_time
Males
0.41 1.16 2.18 3.18 4.28 5.62 6.46 6.91 7.36 7.49 

Population 1
Area 1
Maturity-at-age
Males
0.02 0.12 0.50 0.88 0.98 1.00 1.00 1.00 1.00 1.00 


Redistributed Recruits 1
Area 1
Recruitment
Males
0.00 0.00 0.00 0.00 0.00 0.00 0.00 0.00 0.00 0.00 0.00 0.00 0.00 0.00 0.00 0.00 0.00 0.00 0.00 0.00 


*********************************************************************************************************************


 

Population 1
Area 1
R0	1013.3953814
h	0.7000000
SB0	4387.2796013


Natural Mortality at Age (M)
Females
0.3000000 0.3000000 0.3000000 0.3000000 0.3000000 0.3000000 0.3000000 0.3000000 0.3000000 0.3000000 

Initial F = 9.99992371

Fully-selected Fishing Mortality
Females
0.02 0.08 0.11 0.14 0.10 0.16 0.38 0.27 0.37 0.43 0.59 0.62 0.52 0.11 0.15 0.09 0.08 0.04 0.11 0.08 



Fishery Selectivity
Females
0.15 0.34 0.61 0.82 0.93 0.98 0.99 1.00 1.00 1.00 



Total Mortality at Age (Z)
Females
0.30 0.31 0.32 0.32 0.31 0.32 0.36 0.34 0.36 0.36 0.39 0.39 0.38 0.32 0.32 0.31 0.31 0.31 0.32 0.31 
0.31 0.33 0.34 0.35 0.33 0.35 0.43 0.39 0.43 0.45 0.50 0.51 0.48 0.34 0.35 0.33 0.33 0.31 0.34 0.33 
0.31 0.35 0.37 0.38 0.36 0.40 0.53 0.47 0.52 0.56 0.66 0.68 0.62 0.37 0.39 0.35 0.35 0.32 0.37 0.35 
0.31 0.36 0.39 0.41 0.38 0.43 0.61 0.52 0.60 0.65 0.78 0.81 0.73 0.39 0.42 0.37 0.37 0.33 0.39 0.36 
0.31 0.37 0.40 0.43 0.39 0.45 0.65 0.55 0.64 0.70 0.85 0.88 0.79 0.40 0.44 0.38 0.38 0.33 0.40 0.37 
0.31 0.38 0.41 0.43 0.40 0.45 0.67 0.56 0.66 0.72 0.87 0.91 0.81 0.41 0.44 0.39 0.38 0.33 0.41 0.38 
0.32 0.38 0.41 0.44 0.40 0.45 0.68 0.57 0.66 0.72 0.88 0.91 0.82 0.41 0.45 0.39 0.38 0.34 0.41 0.38 
0.32 0.38 0.41 0.44 0.40 0.46 0.68 0.57 0.67 0.73 0.89 0.92 0.82 0.41 0.45 0.39 0.38 0.34 0.41 0.38 
0.32 0.38 0.41 0.44 0.40 0.46 0.68 0.57 0.67 0.73 0.89 0.92 0.82 0.41 0.45 0.39 0.38 0.34 0.41 0.38 
0.32 0.38 0.41 0.44 0.40 0.46 0.68 0.57 0.67 0.73 0.89 0.92 0.82 0.41 0.45 0.39 0.38 0.34 0.41 0.38 


Population 1
Area 1
initial equilibrium numbers
Females
506.70 375.37 278.08 206.01 152.61 113.06 83.76 62.05 45.97 131.14 

Population 1
Area 1
initial numbers
Females
346.21 256.48 190.00 140.76 104.28 77.25 57.23 42.40 31.41 89.61 

Population 1
Area 1
Total age-0 recruits
506.70 979.14 549.44 747.46 294.09 4623.52 983.29 650.31 1157.36 204.00 1324.42 694.46 568.42 561.32 625.23 264.86 1070.65 514.67 521.35 354.18 

Population 1
Area 1
Numbers at Age
Females
346.21 489.57 274.72 373.73 147.04 2311.76 491.65 325.15 578.68 102.00 662.21 347.23 284.21 280.66 312.61 132.43 535.33 257.34 260.68 177.09 
256.48 255.89 358.42 200.12 271.21 107.34 1672.89 343.98 231.26 405.70 70.86 449.05 234.37 194.69 204.57 226.54 96.80 391.58 189.62 189.96 
190.00 189.01 184.51 255.50 141.42 194.27 75.36 1087.26 232.13 151.01 259.46 42.87 268.79 145.13 138.96 144.08 162.76 69.66 286.56 135.28 
140.76 139.46 133.48 127.68 174.10 98.70 130.87 44.29 682.91 137.54 86.24 134.32 21.78 145.00 100.67 94.15 101.10 114.53 50.50 198.60 
104.28 102.98 96.85 90.19 84.50 119.00 64.31 70.91 26.25 374.16 71.71 39.38 59.79 10.51 98.28 66.10 64.82 69.87 82.40 34.19 
77.25 76.16 70.90 64.64 58.79 57.14 76.22 33.42 40.80 13.81 186.11 30.69 16.37 27.25 7.04 63.50 45.06 44.38 50.07 55.12 
57.23 56.38 52.25 47.08 41.88 39.58 36.34 38.94 19.00 21.12 6.74 77.59 12.41 7.29 18.16 4.52 43.12 30.74 31.76 33.33 
42.40 41.76 38.64 34.64 30.44 28.15 25.11 18.46 22.05 9.78 10.24 2.79 31.08 5.48 4.85 11.63 3.07 29.37 21.98 21.10 
31.41 30.93 28.60 25.60 22.38 20.45 17.85 12.73 10.43 11.32 4.73 4.22 1.11 13.69 3.65 3.10 7.88 2.09 21.00 14.60 
89.61 88.29 81.65 73.03 63.69 57.81 49.60 34.15 26.48 18.95 14.63 7.96 4.85 2.62 10.85 9.27 8.39 11.08 9.41 20.20 


Population 1
Area 1
Catch Numbers at Age
Females
0.68 4.97 3.96 6.60 1.86 46.33 23.63 11.23 26.86 5.49 48.54 26.73 18.53 3.91 5.90 1.52 5.84 1.18 3.68 1.78 
1.16 5.90 11.71 7.99 7.77 4.86 177.89 26.53 23.77 48.09 11.28 74.88 33.38 6.15 8.72 5.91 2.40 4.12 6.06 4.35 
1.51 7.64 10.52 17.74 7.08 15.25 13.54 143.51 40.37 30.08 68.12 11.75 63.62 8.00 10.29 6.58 7.06 1.29 15.99 5.42 
1.51 7.55 10.16 11.81 11.65 10.30 30.60 7.69 154.80 35.51 28.93 46.91 6.63 10.68 9.92 5.75 5.87 2.85 3.76 10.67 
1.27 6.30 8.31 9.39 6.38 13.98 16.74 13.77 6.63 107.27 26.53 15.14 20.11 0.87 10.90 4.56 4.25 1.97 6.93 2.07 
0.99 4.87 6.36 7.03 4.64 7.01 20.62 6.76 10.71 4.11 71.30 12.22 5.71 2.37 0.82 4.58 3.09 1.31 4.40 3.50 
0.74 3.66 4.76 5.20 3.36 4.93 9.97 7.99 5.05 6.37 2.61 31.26 4.38 0.64 2.14 0.33 3.00 0.92 2.83 2.15 
0.55 2.73 3.54 3.84 2.45 3.52 6.92 3.80 5.89 2.96 3.99 1.13 11.03 0.49 0.57 0.86 0.21 0.89 1.97 1.37 
0.41 2.02 2.62 2.85 1.81 2.56 4.92 2.63 2.79 3.44 1.84 1.71 0.40 1.22 0.43 0.23 0.55 0.06 1.89 0.95 
1.17 5.78 7.49 8.12 5.14 7.25 13.69 7.06 7.09 5.75 5.71 3.23 1.73 0.23 1.28 0.68 0.59 0.33 0.85 1.31 


Population 1
Area 1
Catch Biomass at Age
Females
0.28 2.13 1.51 2.83 0.85 19.09 9.91 5.06 11.71 2.25 21.24 11.25 8.08 1.66 2.38 0.61 2.38 0.48 1.52 0.76 
1.35 6.66 12.73 9.30 9.39 5.76 196.75 30.43 27.70 52.78 13.13 79.93 37.71 7.13 9.50 6.49 2.53 4.52 6.30 4.74 
3.30 16.67 21.95 35.67 15.52 32.44 27.26 298.22 85.37 65.21 147.65 23.81 131.31 17.94 21.71 14.14 14.82 2.63 34.12 11.81 
4.82 26.14 32.70 35.69 37.59 31.35 91.51 24.26 491.73 116.11 90.24 146.92 20.88 34.17 32.34 20.06 18.89 8.30 12.01 35.06 
5.43 28.17 36.78 40.64 26.22 57.94 68.70 55.92 28.24 462.45 111.59 61.42 83.53 3.66 46.80 21.54 17.38 7.77 28.95 8.85 
5.53 25.71 34.04 37.21 23.64 35.71 104.72 34.58 57.25 23.08 375.04 63.36 30.43 12.29 4.13 24.93 15.20 6.83 22.99 18.24 
4.79 21.70 28.57 30.96 21.17 29.63 57.70 48.24 30.42 40.47 15.25 201.36 27.42 3.85 12.41 2.05 18.00 5.60 16.79 12.60 
3.82 18.16 23.53 25.53 17.60 23.97 46.36 26.01 39.30 21.46 26.19 8.37 72.59 3.35 3.87 5.78 1.48 6.20 13.81 9.43 
3.02 15.45 20.73 20.13 13.46 18.43 38.90 20.47 21.02 26.50 14.30 13.16 2.79 8.97 3.19 1.70 3.97 0.50 14.51 7.30 
8.77 46.75 66.35 58.62 38.48 53.55 117.11 57.66 55.70 42.04 48.12 24.29 12.81 1.73 9.68 5.55 4.25 2.74 6.44 10.17 


Population 1
Area 1
Survey Numbers at Age
Females
25.17 35.42 19.83 26.92 10.62 166.29 34.77 23.19 40.97 7.19 46.11 24.12 19.89 20.26 22.50 9.57 38.72 18.68 18.82 12.81 
3.87 3.82 5.32 2.95 4.03 1.58 23.69 4.96 3.28 5.70 0.97 6.10 3.24 2.89 3.02 3.37 1.44 5.88 2.81 2.83 
9.32 9.09 8.79 12.08 6.76 9.13 3.31 49.34 10.23 6.53 10.69 1.75 11.30 6.92 6.55 6.91 7.82 3.40 13.66 6.51 
13.23 12.77 12.06 11.42 15.82 8.76 10.59 3.75 55.55 10.91 6.40 9.85 1.66 13.12 8.96 8.59 9.24 10.68 4.57 18.19 
12.16 11.66 10.80 9.94 9.48 13.00 6.33 7.34 2.60 36.02 6.40 3.47 5.51 1.17 10.78 7.45 7.32 8.07 9.20 3.87 
9.50 9.08 8.31 7.49 6.94 6.56 7.84 3.63 4.22 1.39 17.29 2.81 1.57 3.20 0.81 7.53 5.36 5.40 5.88 6.57 
7.12 6.79 6.19 5.51 5.00 4.59 3.77 4.26 1.98 2.14 0.63 7.15 1.20 0.87 2.12 0.54 5.18 3.78 3.77 4.02 
5.28 5.04 4.59 4.06 3.64 3.27 2.61 2.02 2.31 0.99 0.96 0.26 3.01 0.65 0.57 1.40 0.37 3.62 2.61 2.55 
3.92 3.74 3.40 3.00 2.68 2.38 1.85 1.40 1.09 1.15 0.44 0.39 0.11 1.63 0.43 0.37 0.95 0.26 2.50 1.76 
11.18 10.67 9.70 8.57 7.62 6.72 5.15 3.75 2.77 1.92 1.37 0.73 0.47 0.31 1.27 1.11 1.01 1.37 1.12 2.44 


Population 1
Area 1
Survey Index at Age
Females
10.32 15.16 7.56 11.56 4.84 68.51 14.59 10.46 17.86 2.94 20.17 10.16 8.67 8.61 9.09 3.81 15.78 7.57 7.78 5.44 
4.50 4.31 5.78 3.44 4.87 1.87 26.20 5.69 3.83 6.25 1.13 6.51 3.66 3.35 3.29 3.70 1.52 6.46 2.92 3.09 
20.31 19.84 18.34 24.28 14.83 19.42 6.66 102.52 21.63 14.17 23.17 3.55 23.33 15.52 13.82 14.85 16.40 6.92 29.14 14.18 
42.13 44.20 38.81 34.50 51.02 26.64 31.65 11.83 176.47 35.69 19.98 30.85 5.24 41.98 29.23 29.92 29.72 31.04 14.57 59.80 
52.00 52.17 47.79 43.02 38.97 53.89 25.97 29.82 11.08 155.29 26.94 14.06 22.88 4.92 46.30 35.19 29.94 31.83 38.45 16.53 
53.32 47.92 44.50 39.63 35.36 33.42 39.81 18.55 22.58 7.79 90.95 14.57 8.38 16.64 4.11 40.97 26.35 28.18 30.73 34.29 
45.97 40.24 37.18 32.82 31.52 27.60 21.83 25.75 11.94 13.59 3.68 46.05 7.51 5.19 12.29 3.36 31.06 23.00 22.33 23.58 
36.54 33.59 30.53 26.98 26.13 22.26 17.48 13.84 15.38 7.18 6.30 1.91 19.82 4.50 3.83 9.43 2.54 25.38 18.32 17.59 
28.84 28.53 26.86 21.25 19.95 17.10 14.65 10.88 8.22 8.86 3.43 2.99 0.76 12.03 3.15 2.77 6.82 2.04 19.21 13.60 
83.71 86.29 85.93 61.84 57.00 49.64 44.08 30.63 21.75 14.05 11.55 5.53 3.49 2.32 9.54 9.03 7.29 11.20 8.53 18.94 


Population 1
Area 1
Total Immigrants
Females
0.00 0.00 0.00 0.00 0.00 0.00 0.00 0.00 0.00 0.00 0.00 0.00 0.00 0.00 0.00 0.00 0.00 0.00 0.00 0.00 
0.00 0.00 0.00 0.00 0.00 0.00 0.00 0.00 0.00 0.00 0.00 0.00 0.00 0.00 0.00 0.00 0.00 0.00 0.00 0.00 
0.00 0.00 0.00 0.00 0.00 0.00 0.00 0.00 0.00 0.00 0.00 0.00 0.00 0.00 0.00 0.00 0.00 0.00 0.00 0.00 
0.00 0.00 0.00 0.00 0.00 0.00 0.00 0.00 0.00 0.00 0.00 0.00 0.00 0.00 0.00 0.00 0.00 0.00 0.00 0.00 
0.00 0.00 0.00 0.00 0.00 0.00 0.00 0.00 0.00 0.00 0.00 0.00 0.00 0.00 0.00 0.00 0.00 0.00 0.00 0.00 
0.00 0.00 0.00 0.00 0.00 0.00 0.00 0.00 0.00 0.00 0.00 0.00 0.00 0.00 0.00 0.00 0.00 0.00 0.00 0.00 
0.00 0.00 0.00 0.00 0.00 0.00 0.00 0.00 0.00 0.00 0.00 0.00 0.00 0.00 0.00 0.00 0.00 0.00 0.00 0.00 
0.00 0.00 0.00 0.00 0.00 0.00 0.00 0.00 0.00 0.00 0.00 0.00 0.00 0.00 0.00 0.00 0.00 0.00 0.00 0.00 
0.00 0.00 0.00 0.00 0.00 0.00 0.00 0.00 0.00 0.00 0.00 0.00 0.00 0.00 0.00 0.00 0.00 0.00 0.00 0.00 
0.00 0.00 0.00 0.00 0.00 0.00 0.00 0.00 0.00 0.00 0.00 0.00 0.00 0.00 0.00 0.00 0.00 0.00 0.00 0.00 


Population 1
Area 1
Total Emigrants
Females
0.00 0.00 0.00 0.00 0.00 0.00 0.00 0.00 0.00 0.00 0.00 0.00 0.00 0.00 0.00 0.00 0.00 0.00 0.00 0.00 
0.00 0.00 0.00 0.00 0.00 0.00 0.00 0.00 0.00 0.00 0.00 0.00 0.00 0.00 0.00 0.00 0.00 0.00 0.00 0.00 
0.00 0.00 0.00 0.00 0.00 0.00 0.00 0.00 0.00 0.00 0.00 0.00 0.00 0.00 0.00 0.00 0.00 0.00 0.00 0.00 
0.00 0.00 0.00 0.00 0.00 0.00 0.00 0.00 0.00 0.00 0.00 0.00 0.00 0.00 0.00 0.00 0.00 0.00 0.00 0.00 
0.00 0.00 0.00 0.00 0.00 0.00 0.00 0.00 0.00 0.00 0.00 0.00 0.00 0.00 0.00 0.00 0.00 0.00 0.00 0.00 
0.00 0.00 0.00 0.00 0.00 0.00 0.00 0.00 0.00 0.00 0.00 0.00 0.00 0.00 0.00 0.00 0.00 0.00 0.00 0.00 
0.00 0.00 0.00 0.00 0.00 0.00 0.00 0.00 0.00 0.00 0.00 0.00 0.00 0.00 0.00 0.00 0.00 0.00 0.00 0.00 
0.00 0.00 0.00 0.00 0.00 0.00 0.00 0.00 0.00 0.00 0.00 0.00 0.00 0.00 0.00 0.00 0.00 0.00 0.00 0.00 
0.00 0.00 0.00 0.00 0.00 0.00 0.00 0.00 0.00 0.00 0.00 0.00 0.00 0.00 0.00 0.00 0.00 0.00 0.00 0.00 
0.00 0.00 0.00 0.00 0.00 0.00 0.00 0.00 0.00 0.00 0.00 0.00 0.00 0.00 0.00 0.00 0.00 0.00 0.00 0.00 


Population 1
Area 1
Spawning Biomass
Females
2.72 2.64 2.46 2.30 2.15 2.01 1.83 2.08 2.47 2.11 1.62 1.10 0.82 0.84 0.98 1.09 1.21 1.29 1.43 1.55 


Population 1
Area 1
fecundity_at_age
Females
0.00 0.11 0.95 2.60 3.89 5.24 6.39 6.75 7.30 7.49 

Population 1
Area 1
length_at_spawning
Females
50.00 50.00 50.00 50.00 50.00 50.00 50.00 50.00 50.00 50.00 

Population 1
Area 1
weight_at_spawning
Females
0.27 0.92 1.91 2.95 3.96 5.26 6.39 6.75 7.30 7.49 
0.28 0.93 1.86 3.14 4.28 5.07 5.81 6.40 7.41 8.09 
0.25 0.86 1.81 2.93 4.11 5.20 5.83 6.50 7.43 8.86 
0.28 0.94 1.81 2.72 3.98 5.16 5.76 6.50 7.00 7.22 
0.30 0.99 1.92 2.98 3.91 4.80 6.00 7.05 7.44 7.48 
0.27 0.94 1.91 2.81 3.83 4.94 5.72 6.71 7.10 7.39 
0.28 0.90 1.77 2.75 3.79 4.91 5.61 6.43 7.57 8.55 
0.30 0.95 1.81 2.89 3.88 4.77 5.92 6.55 7.60 8.17 
0.29 0.95 1.86 2.90 4.00 5.07 5.96 6.40 7.37 7.85 
0.28 0.88 1.85 3.04 4.02 5.25 6.34 6.80 7.91 7.31 
0.29 0.95 1.88 2.93 3.85 5.09 5.72 6.31 7.42 8.43 
0.28 0.89 1.73 2.88 3.85 4.83 6.17 7.21 7.79 7.53 
0.29 0.93 1.80 2.88 3.93 4.97 6.15 6.52 6.89 7.42 
0.28 0.94 1.92 3.04 3.85 5.03 5.76 6.68 7.36 7.43 
0.27 0.88 1.81 2.98 4.05 4.92 5.59 6.51 7.33 7.53 
0.27 0.88 1.84 3.12 4.47 5.34 5.93 6.75 7.08 8.10 
0.28 0.86 1.77 2.98 3.89 4.71 5.67 6.77 7.16 7.22 
0.27 0.89 1.78 2.73 3.60 4.92 5.95 6.67 7.80 8.19 
0.28 0.86 1.76 3.03 3.84 5.04 5.76 6.63 7.73 7.62 
0.28 0.90 1.83 3.08 3.98 5.03 5.73 6.52 7.68 7.76 


Population 1
Area 1
length_at_season_start
Females
50.00 50.00 50.00 50.00 50.00 50.00 50.00 50.00 50.00 50.00 
Population 1
Area 1
weight_at_season_start
Females
0.13 0.69 1.64 2.72 3.65 4.90 6.33 6.59 7.24 7.49 
0.13 0.72 1.53 2.83 4.09 4.85 5.71 6.14 7.18 8.09 
0.12 0.64 1.53 2.64 3.80 5.05 5.65 6.36 6.95 8.86 
0.14 0.72 1.61 2.42 3.63 5.03 5.56 6.35 6.93 7.22 
0.14 0.77 1.65 2.74 3.71 4.51 5.68 6.93 7.42 7.48 
0.14 0.69 1.68 2.57 3.51 4.78 5.42 6.61 7.00 7.39 
0.15 0.69 1.52 2.51 3.47 4.73 5.42 6.16 7.25 8.55 
0.15 0.75 1.54 2.62 3.70 4.42 5.81 6.27 7.40 8.17 
0.15 0.72 1.61 2.62 3.73 4.79 5.90 6.14 7.20 7.85 
0.16 0.66 1.53 2.80 3.74 4.88 6.34 6.36 8.12 7.31 
0.14 0.73 1.59 2.74 3.50 4.92 5.60 6.06 7.08 8.43 
0.14 0.71 1.43 2.62 3.64 4.47 5.90 6.98 7.88 7.53 
0.14 0.73 1.53 2.60 3.70 4.60 6.05 6.46 6.71 7.42 
0.13 0.72 1.60 2.88 3.52 4.86 5.53 6.46 7.33 7.43 
0.14 0.67 1.51 2.71 3.82 4.77 5.36 6.26 7.26 7.53 
0.14 0.65 1.54 2.76 4.21 5.23 5.65 6.76 6.73 8.10 
0.15 0.67 1.45 2.75 3.68 4.49 5.35 6.64 7.14 7.22 
0.14 0.67 1.52 2.55 3.27 4.62 5.82 6.34 7.67 8.19 
0.14 0.69 1.39 2.88 3.50 4.86 5.60 6.25 7.76 7.62 
0.14 0.71 1.47 2.88 3.69 4.84 5.59 6.15 7.65 7.76 


Population 1
Area 1
length_at_catch_time
Females
50.00 50.00 50.00 50.00 50.00 50.00 50.00 50.00 50.00 50.00 
Population 1
Area 1
weight_at_catch_time
Females
0.41 0.43 0.38 0.43 0.46 0.41 0.42 0.45 0.44 0.41 0.44 0.42 0.44 0.42 0.40 0.40 0.41 0.41 0.41 0.42 
1.16 1.13 1.09 1.16 1.21 1.19 1.11 1.15 1.17 1.10 1.16 1.07 1.13 1.16 1.09 1.10 1.06 1.10 1.04 1.09 
2.18 2.18 2.09 2.01 2.19 2.13 2.01 2.08 2.11 2.17 2.17 2.03 2.06 2.24 2.11 2.15 2.10 2.04 2.13 2.18 
3.18 3.46 3.22 3.02 3.23 3.04 2.99 3.16 3.18 3.27 3.12 3.13 3.15 3.20 3.26 3.49 3.22 2.91 3.19 3.29 
4.28 4.47 4.42 4.33 4.11 4.15 4.10 4.06 4.26 4.31 4.21 4.06 4.15 4.19 4.29 4.72 4.09 3.94 4.18 4.27 
5.62 5.28 5.35 5.29 5.10 5.10 5.08 5.12 5.35 5.61 5.26 5.19 5.33 5.20 5.07 5.44 4.92 5.22 5.23 5.22 
6.46 5.92 6.00 5.96 6.31 6.02 5.79 6.04 6.02 6.35 5.83 6.44 6.25 6.00 5.81 6.21 6.00 6.08 5.93 5.87 
6.91 6.66 6.65 6.64 7.18 6.81 6.70 6.84 6.67 7.24 6.57 7.43 6.58 6.90 6.76 6.75 6.89 7.00 7.01 6.90 
7.36 7.63 7.90 7.07 7.45 7.19 7.90 7.79 7.53 7.71 7.75 7.70 7.07 7.38 7.39 7.42 7.18 7.93 7.69 7.71 
7.49 8.09 8.86 7.22 7.48 7.39 8.55 8.17 7.85 7.31 8.43 7.53 7.42 7.43 7.53 8.10 7.22 8.19 7.62 7.76 


Population 1
Area 1
length_at_survey_time
Females
50.00 50.00 50.00 50.00 50.00 50.00 50.00 50.00 50.00 50.00 
Population 1
Area 1
weight_at_survey_time
Females
0.41 0.43 0.38 0.43 0.46 0.41 0.42 0.45 0.44 0.41 0.44 0.42 0.44 0.42 0.40 0.40 0.41 0.41 0.41 0.42 
1.16 1.13 1.09 1.16 1.21 1.19 1.11 1.15 1.17 1.10 1.16 1.07 1.13 1.16 1.09 1.10 1.06 1.10 1.04 1.09 
2.18 2.18 2.09 2.01 2.19 2.13 2.01 2.08 2.11 2.17 2.17 2.03 2.06 2.24 2.11 2.15 2.10 2.04 2.13 2.18 
3.18 3.46 3.22 3.02 3.23 3.04 2.99 3.16 3.18 3.27 3.12 3.13 3.15 3.20 3.26 3.49 3.22 2.91 3.19 3.29 
4.28 4.47 4.42 4.33 4.11 4.15 4.10 4.06 4.26 4.31 4.21 4.06 4.15 4.19 4.29 4.72 4.09 3.94 4.18 4.27 
5.62 5.28 5.35 5.29 5.10 5.10 5.08 5.12 5.35 5.61 5.26 5.19 5.33 5.20 5.07 5.44 4.92 5.22 5.23 5.22 
6.46 5.92 6.00 5.96 6.31 6.02 5.79 6.04 6.02 6.35 5.83 6.44 6.25 6.00 5.81 6.21 6.00 6.08 5.93 5.87 
6.91 6.66 6.65 6.64 7.18 6.81 6.70 6.84 6.67 7.24 6.57 7.43 6.58 6.90 6.76 6.75 6.89 7.00 7.01 6.90 
7.36 7.63 7.90 7.07 7.45 7.19 7.90 7.79 7.53 7.71 7.75 7.70 7.07 7.38 7.39 7.42 7.18 7.93 7.69 7.71 
7.49 8.09 8.86 7.22 7.48 7.39 8.55 8.17 7.85 7.31 8.43 7.53 7.42 7.43 7.53 8.10 7.22 8.19 7.62 7.76 




Population 1
Area 1
equilibrium_to_survival_at_spawning
Females
0.93 0.92 0.92 0.91 0.91 0.91 0.91 0.91 0.91 0.91 


Population 1
Area 1
length_at_catch_time
Females
50.00 50.00 50.00 50.00 50.00 50.00 50.00 50.00 50.00 50.00 

Population 1
Area 1
weight_at_catch_time
Females
0.41 1.16 2.18 3.18 4.28 5.62 6.46 6.91 7.36 7.49 

Population 1
Area 1
Maturity-at-age
Females
0.02 0.12 0.50 0.88 0.98 1.00 1.00 1.00 1.00 1.00 


Redistributed Recruits 1
Area 1
Recruitment
Females
0.00 0.00 0.00 0.00 0.00 0.00 0.00 0.00 0.00 0.00 0.00 0.00 0.00 0.00 0.00 0.00 0.00 0.00 0.00 0.00 


*********************************************************************************************************************


 



Population HCR values
Population Name: NA
Population Id: 1

